function [train,test] = load_data()
% Load data

train = [
1	-3.162364687	1.350931598
1	-2.878093023	-1.271448582
1	-2.8235961	0.576701495
0	-2.738161129	-1.403627721
1	-2.653265933	-3.204386303
0	-2.629312803	1.397220331
0	-2.401029633	-0.797833763
0	-2.232991392	1.16151341
0	-2.132674126	-2.072220013
0	-2.092028808	0.99662202
0	-2.088372639	-2.050837793
0	-2.046408554	-0.856034603
0	-2.039141691	-2.790911822
0	-2.011074685	-0.177726633
0	-2.004853741	0.025860345
1	-1.916866262	3.606946848
0	-1.905918907	0.426107363
1	-1.889581421	2.506030796
0	-1.8393348	0.091582706
0	-1.827338565	1.155035534
0	-1.823491402	-0.359475507
0	-1.785060704	0.103379989
1	-1.760014806	-1.821408659
1	-1.72751856	-1.687158147
0	-1.726634764	0.315071702
0	-1.720591172	0.16546096
1	-1.699860827	-2.482001946
0	-1.683592927	0.332556738
0	-1.680350579	-0.435726406
1	-1.663462849	-1.897860784
0	-1.644011718	0.068285999
0	-1.63081495	0.658899353
0	-1.600847099	-1.13019496
0	-1.589805834	-0.072461717
0	-1.572543624	1.698404049
0	-1.558028089	-0.874204034
0	-1.544299266	-0.102437525
0	-1.53379915	0.017446382
1	-1.528712114	-2.843198672
0	-1.42344561	0.444922534
0	-1.393732418	0.881602773
1	-1.387822289	1.309560957
1	-1.38171958	1.766943569
1	-1.333279892	-1.971020538
0	-1.291173248	1.551488822
0	-1.280309334	-0.289765012
0	-1.255921234	-0.792897481
0	-1.220057584	-0.280723498
0	-1.214089025	-0.331278898
0	-1.204903128	0.149973403
0	-1.143096142	-1.44072601
0	-1.139510459	-1.506477929
1	-1.116765583	3.721870598
0	-1.113630788	0.742793418
0	-1.103778686	0.345826265
0	-1.088494628	0.580364485
0	-1.086418706	0.960014859
1	-1.085033313	-0.305237791
0	-1.079306458	-0.173031367
0	-1.070400231	-0.829415967
1	-1.067043508	-0.840118446
0	-1.05232175	0.823620212
0	-1.05211484	-0.202385309
0	-1.05095296	-0.355007614
1	-1.039422154	1.741459528
1	-1.037903298	2.338179002
0	-1.035066362	-0.086774889
0	-1.008975232	2.690285328
0	-1.006708317	0.126534587
0	-0.975433068	0.154118425
1	-0.95863174	0.506829565
0	-0.941556664	-0.995044047
0	-0.92393293	-0.129130058
0	-0.921459105	-1.005987542
0	-0.905922661	-0.858924523
1	-0.901297194	1.421726665
0	-0.898530743	2.134620445
0	-0.896577603	-0.892630396
0	-0.896354777	-0.713878308
0	-0.879981599	0.911011284
0	-0.877087132	-1.371422513
0	-0.851484856	-1.213807082
1	-0.81431312	-0.184861619
1	-0.813985702	-0.277884737
0	-0.755887868	-0.435395577
0	-0.712309429	0.353722953
0	-0.706498895	-0.813997758
1	-0.703100108	-1.843109203
0	-0.701331828	-0.119853212
0	-0.692648428	-0.071901241
0	-0.690984052	-0.151022732
0	-0.689027502	-0.360234935
0	-0.671153657	1.172729753
0	-0.660052137	0.639278142
0	-0.657797727	-2.350570867
0	-0.652256631	-0.88427214
0	-0.643190106	1.504863576
1	-0.624119588	-1.030348358
1	-0.603637768	2.534343366
0	-0.596635346	0.621685103
0	-0.596011205	-0.423067377
1	-0.595043043	-0.779700713
0	-0.590005129	-0.843854195
0	-0.58409114	-0.318856337
0	-0.584032023	1.611351763
0	-0.554700819	-0.035847734
0	-0.552247457	1.023518053
1	-0.529295671	1.928110578
1	-0.517576831	-4.892426659
1	-0.515994311	1.57588147
0	-0.511276994	1.084461019
0	-0.504633135	0.46366381
0	-0.494924279	-0.172987029
0	-0.478478341	0.345876288
0	-0.465727226	-0.36375809
0	-0.439463292	-0.959591944
1	-0.436117938	-1.466937647
0	-0.427281748	0.71753675
0	-0.413590442	-0.435082939
1	-0.413034963	0.896634447
0	-0.400186764	0.9540463
0	-0.398074462	0.423960955
0	-0.389513843	0.254279939
0	-0.386385182	-0.03404466
0	-0.353487621	1.361768227
0	-0.335934374	0.780742084
1	-0.331371434	0.995987648
0	-0.329750947	-0.713487225
0	-0.321804237	-0.476989044
1	-0.318993211	3.641471267
0	-0.308500603	2.092219802
0	-0.306965831	-0.106717835
0	-0.299504563	0.08501047
0	-0.291529432	1.319772309
0	-0.290458502	0.254026418
0	-0.28610657	-0.793149866
0	-0.282082055	-0.201018793
1	-0.275105544	-1.869775588
0	-0.270025566	-0.469276529
0	-0.265059725	0.360023478
0	-0.264044502	0.926663688
0	-0.261429705	0.191486151
0	-0.256324029	0.402847036
0	-0.253983217	1.312500899
1	-0.252390914	-2.943343134
0	-0.250508947	-0.230800197
0	-0.238896973	0.040770374
0	-0.234078925	1.267476364
0	-0.225355734	0.106042535
1	-0.209276317	-1.40026259
0	-0.205366177	0.375321179
0	-0.205020569	-0.40689315
0	-0.20444304	-0.327154339
0	-0.193158485	1.716343832
0	-0.189676257	-0.309164534
0	-0.186362286	-1.022960987
0	-0.180011739	0.859731699
0	-0.174254637	2.018532541
1	-0.173928806	1.107373464
0	-0.164495759	-1.051807885
0	-0.152820121	-0.692225512
0	-0.137208644	0.956099484
1	-0.105584826	-1.389187219
1	-0.0960033	-2.657816367
0	-0.082335418	0.189945695
0	-0.077338882	1.638281901
0	-0.063740799	0.157556315
1	-0.062838576	0.771351552
0	-0.062515255	0.011935981
0	-0.06111236	0.580164397
0	-0.047048161	-0.112340786
0	-0.046952664	0.039001407
0	-0.043486352	1.766393325
0	-0.038469352	2.132874215
1	-0.033534656	-2.217311703
0	-0.03221885	1.115868145
1	-0.020974534	-2.428723747
0	-0.019056188	0.761883712
0	-0.015216983	0.391273716
1	-0.011597644	2.306219358
0	-0.000792397	0.168685119
0	0.00475211	1.020598575
0	0.022935183	1.800217433
1	0.030502866	3.287732397
1	0.037174009	0.458003342
0	0.037207428	-0.227363444
1	0.042317202	-1.693629201
1	0.045223037	-1.320468073
0	0.049396931	-1.485077519
0	0.052232281	1.333391992
0	0.0583168	-2.47018761
1	0.058515303	-2.124384082
0	0.059118292	0.907666617
1	0.060748112	-0.465392986
0	0.066070243	0.038758117
0	0.068157533	0.531035766
0	0.07251856	-0.194476115
0	0.0753721	-0.511261078
0	0.076734068	0.438858478
0	0.079118081	-0.134961056
0	0.08442953	1.088712906
0	0.087727585	-0.415749355
0	0.091772563	2.61610694
1	0.099146978	-2.711440175
0	0.104353148	-0.342508883
0	0.106604148	1.483263077
0	0.107163487	-0.573053285
0	0.109239409	0.204800017
0	0.120003278	-0.73934757
1	0.137882358	0.127429303
0	0.14289526	-0.296570306
0	0.159750471	0.462600838
0	0.16064746	-0.068237114
0	0.165173333	-0.485817964
1	0.168964339	2.155074981
0	0.171785359	-0.040884061
0	0.172553882	0.156030637
1	0.191469786	-2.113629307
0	0.192177367	-1.400508154
0	0.194195309	1.359330781
1	0.199323272	2.079973456
0	0.200498107	0.571460532
1	0.201042217	0.281927441
0	0.203294803	-1.144069302
1	0.207995304	-2.451256478
0	0.21231358	-1.605358193
1	0.213843355	0.374029696
1	0.224939191	1.887146936
0	0.233867468	-0.583597739
0	0.248444394	0.367713255
0	0.25024292	2.373126335
0	0.264917617	0.012479404
0	0.265463314	-1.132834768
0	0.275341563	0.471152362
1	0.282669367	-1.448902367
0	0.283962436	-0.477779167
0	0.290306161	0.627685495
0	0.290426669	0.85721922
0	0.316149453	0.729570502
1	0.31984951	-0.800616817
0	0.332032641	-1.080099992
0	0.336260655	-0.794461812
0	0.342308795	-1.060634531
0	0.35518724	-1.255684765
0	0.36437541	0.513225586
1	0.367752596	0.182742497
0	0.371417173	0.580819233
1	0.372550181	3.151699275
0	0.385369958	1.339708433
0	0.387665295	-0.435836682
1	0.389030225	1.399557732
0	0.390517698	-0.828151769
0	0.39689553	-0.003842615
0	0.407566176	0.623354026
0	0.409619361	0.107132792
1	0.411567503	0.446509603
1	0.421380951	-2.655265234
1	0.427183527	-1.384596544
0	0.430820819	-0.277126446
0	0.449419986	-0.421561026
1	0.449829945	-4.823050404
0	0.450121433	0.665133939
0	0.452566837	1.066425739
0	0.460699994	0.068446298
0	0.460756837	0.034453933
0	0.466606025	0.859824922
0	0.478473794	2.545857569
1	0.479306669	0.681955044
0	0.483222493	-1.173993951
0	0.509012352	-1.3776571
0	0.518737124	-0.688255568
1	0.531220626	-2.205015335
0	0.548159278	0.08739903
0	0.550182904	0.15400019
0	0.580923825	-0.288800948
0	0.585698672	0.066667099
1	0.619732651	-0.14329089
0	0.62052095	-0.464909817
0	0.627524059	-0.27498686
1	0.632256393	-1.368405265
1	0.635209977	1.441626409
1	0.640760168	-0.1095691
1	0.645348569	-2.145970939
0	0.665618245	0.381718337
0	0.666091182	0.650265974
1	0.677089934	2.645492714
1	0.679750206	1.232228897
0	0.694185474	0.648692549
1	0.702455741	-0.059962986
0	0.711725079	0.014816806
0	0.716507884	-0.398217708
1	0.71851287	-0.591164735
1	0.720663825	-2.284523362
0	0.723838411	0.247277967
0	0.735942649	1.714506652
